{
 "cells": [
  {
   "cell_type": "code",
   "execution_count": 1,
   "metadata": {
    "collapsed": false
   },
   "outputs": [],
   "source": [
    "import points"
   ]
  },
  {
   "cell_type": "code",
   "execution_count": 2,
   "metadata": {
    "collapsed": false
   },
   "outputs": [],
   "source": [
    "from points import distance"
   ]
  },
  {
   "cell_type": "code",
   "execution_count": 3,
   "metadata": {
    "collapsed": false
   },
   "outputs": [],
   "source": [
    "# read airport data\n",
    "data = points.files.read_csv('airports.csv')"
   ]
  },
  {
   "cell_type": "code",
   "execution_count": 4,
   "metadata": {
    "collapsed": false
   },
   "outputs": [],
   "source": [
    "# get latitude and longitude\n",
    "lat = points.util.to_float(points.util.get_attribute(data,'latitude'))"
   ]
  },
  {
   "cell_type": "code",
   "execution_count": 5,
   "metadata": {
    "collapsed": true
   },
   "outputs": [],
   "source": [
    "lon = points.util.to_float(points.util.get_attribute(data,'longitude'))"
   ]
  },
  {
   "cell_type": "code",
   "execution_count": 6,
   "metadata": {
    "collapsed": true
   },
   "outputs": [],
   "source": [
    "# make those points\n",
    "points = list(zip(lat, lon))"
   ]
  },
  {
   "cell_type": "code",
   "execution_count": 7,
   "metadata": {
    "collapsed": true
   },
   "outputs": [
    {
     "data": {
      "text/plain": [
       "[(0, 4901, 0.42477695483866257),\n",
       " (1, 0, 0.9604170833533705),\n",
       " (2, 6368, 0.14660730487257012),\n",
       " (3, 0, 1.4208444537112441),\n",
       " (4, 4346, 0.7571122404960904),\n",
       " (5, 6369, 0.5316361878013972),\n",
       " (6, 4876, 0.6779803274232942),\n",
       " (7, 4878, 1.7559103949176864),\n",
       " (8, 3888, 1.8427447013392821),\n",
       " (9, 4875, 1.177528231563901),\n",
       " (10, 13, 0.7097269849604129),\n",
       " (11, 4868, 0.6268914992325266),\n",
       " (12, 11, 1.2875183670992765),\n",
       " (13, 2132, 0.5881062129139588),\n",
       " (14, 6039, 0.5851454031076306),\n",
       " (15, 17, 0.6806247130394236),\n",
       " (16, 6039, 0.42753692642507446),\n",
       " (17, 15, 0.6806247130394236),\n",
       " (18, 6041, 0.769296574720694),\n",
       " (19, 4208, 0.1868963804732434),\n",
       " (20, 4592, 0.23711271671085016),\n",
       " (21, 6547, 0.19594758258524847),\n",
       " (22, 72, 0.241286162263816),\n",
       " (23, 4808, 0.9408967560109829),\n",
       " (24, 29, 1.003071837401984),\n",
       " (25, 181, 3.902181988458517),\n",
       " (26, 190, 0.5239004515058175),\n",
       " (27, 5829, 0.6691235753879871),\n",
       " (28, 49, 3.7812799076177916),\n",
       " (29, 117, 0.4529713407678168),\n",
       " (30, 46, 1.19507201652955),\n",
       " (31, 6797, 1.7522423119754302),\n",
       " (32, 6336, 0.13302991486880697),\n",
       " (33, 6794, 0.2419606636996958),\n",
       " (34, 4783, 0.6860992532957577),\n",
       " (35, 4783, 0.6929249472872288),\n",
       " (36, 5852, 3.7796342406164096),\n",
       " (37, 6722, 0.8303373280781734),\n",
       " (38, 173, 0.4405209649460536),\n",
       " (39, 168, 5.16743337194172),\n",
       " (40, 145, 3.691837314457401),\n",
       " (41, 5681, 2.151390838303436),\n",
       " (42, 2840, 2.0998195714529806),\n",
       " (43, 179, 0.9091807487452611),\n",
       " (44, 76, 1.3367209899141257),\n",
       " (45, 113, 2.081737048998504),\n",
       " (46, 30, 1.19507201652955),\n",
       " (47, 166, 0.7458552554034826),\n",
       " (48, 163, 0.2693554664100962),\n",
       " (49, 4787, 1.86597911157788),\n",
       " (50, 3560, 1.234258888206602),\n",
       " (51, 199, 0.882815336802104),\n",
       " (52, 4823, 4.601510214046354),\n",
       " (53, 4130, 0.2838018258803146),\n",
       " (54, 4812, 1.6073935806528625),\n",
       " (55, 133, 0.8509406891317457),\n",
       " (56, 5831, 0.6574094312595476),\n",
       " (57, 4797, 0.9210042312139556),\n",
       " (58, 194, 1.4855032332687799),\n",
       " (59, 161, 2.6345909023689016),\n",
       " (60, 6548, 0.06778200620370814),\n",
       " (61, 4849, 1.2260658028723412),\n",
       " (62, 105, 1.0779872700180613),\n",
       " (63, 4796, 0.47186063967447606),\n",
       " (64, 180, 1.7582338329770026),\n",
       " (65, 4779, 1.2810041094610078),\n",
       " (66, 167, 0.8850898325057256),\n",
       " (67, 36, 3.9707676841644877),\n",
       " (68, 181, 2.4488573432002947),\n",
       " (69, 6355, 0.2817541094820129),\n",
       " (70, 6420, 0.14450066458209684),\n",
       " (71, 194, 2.1063278541423602),\n",
       " (72, 22, 0.241286162263816),\n",
       " (73, 5591, 0.9687069765517331),\n",
       " (74, 4826, 5.082466531856856),\n",
       " (75, 70, 0.26115921755511373),\n",
       " (76, 44, 1.3367209899141257),\n",
       " (77, 6974, 1.0042877581749166),\n",
       " (78, 6936, 0.3314171894410456),\n",
       " (79, 159, 1.8842631374391403),\n",
       " (80, 122, 1.5636678773377732),\n",
       " (81, 192, 0.15317985173318324),\n",
       " (82, 6932, 1.447201429110685),\n",
       " (83, 122, 1.3845475132854759),\n",
       " (84, 149, 0.7528377919505642),\n",
       " (85, 4875, 8.707372880520282),\n",
       " (86, 179, 0.5417373240528954),\n",
       " (87, 203, 2.8631319327479514),\n",
       " (88, 118, 0.8991004455076156),\n",
       " (89, 108, 2.116482371621363),\n",
       " (90, 4831, 1.419441014767787),\n",
       " (91, 94, 0.8639606438634881),\n",
       " (92, 144, 0.3385499144424713),\n",
       " (93, 6788, 0.5233665058493888),\n",
       " (94, 6541, 0.13729666695517692),\n",
       " (95, 151, 1.7084510691137755),\n",
       " (96, 5681, 3.0847383451477577),\n",
       " (97, 5842, 0.4724318952166596),\n",
       " (98, 5841, 2.246820023752677),\n",
       " (99, 6541, 0.09551076425723337),\n",
       " (100, 164, 1.4639527752031514),\n",
       " (101, 120, 1.778729741857384),\n",
       " (102, 158, 1.0340265588508821),\n",
       " (103, 5849, 0.13977166786226256),\n",
       " (104, 6934, 1.4854734584855342),\n",
       " (105, 5830, 0.8106472076736007),\n",
       " (106, 6476, 0.6140371640943204),\n",
       " (107, 5587, 0.1684663212158692),\n",
       " (108, 134, 1.5111922744339974),\n",
       " (109, 6935, 1.0036100129158754),\n",
       " (110, 132, 1.3849525728832734),\n",
       " (111, 129, 1.0396137680547588),\n",
       " (112, 3638, 0.1442512230312057),\n",
       " (113, 45, 2.081737048998504),\n",
       " (114, 3563, 1.0887839582102559),\n",
       " (115, 3371, 1.1062319050312177),\n",
       " (116, 136, 0.906547777133126),\n",
       " (117, 4828, 0.36904202142574694),\n",
       " (118, 88, 0.8991004455076156),\n",
       " (119, 2519, 1.1858915293666863),\n",
       " (120, 47, 1.414685525945964),\n",
       " (121, 4779, 1.4949208867127406),\n",
       " (122, 83, 1.3845475132854759),\n",
       " (123, 187, 2.2441621376088223),\n",
       " (124, 64, 2.142397900862021),\n",
       " (125, 170, 0.8796430023282168),\n",
       " (126, 181, 5.354586074427973),\n",
       " (127, 56, 1.0960503404903446),\n",
       " (128, 5829, 0.6242708972953969),\n",
       " (129, 111, 1.0396137680547588),\n",
       " (130, 4787, 0.7477084935915923),\n",
       " (131, 6933, 1.3164207151670761),\n",
       " (132, 6758, 1.291403847230608),\n",
       " (133, 55, 0.8509406891317457),\n",
       " (134, 108, 1.5111922744339974),\n",
       " (135, 6796, 0.4342839430718104),\n",
       " (136, 5825, 0.6813885816008368),\n",
       " (137, 4134, 4.249591058951537),\n",
       " (138, 4786, 2.223430656460648),\n",
       " (139, 5839, 1.1948030941657282),\n",
       " (140, 6542, 0.1648258221790508),\n",
       " (141, 188, 1.3793245615564893),\n",
       " (142, 6038, 0.023660011876584532),\n",
       " (143, 53, 1.2179117509942956),\n",
       " (144, 6645, 0.021946748141811537),\n",
       " (145, 40, 3.691837314457401),\n",
       " (146, 4826, 0.821085054085144),\n",
       " (147, 151, 1.0638057315920078),\n",
       " (148, 100, 1.980307432517734),\n",
       " (149, 6722, 0.5938497263517045),\n",
       " (150, 168, 2.189110310416769),\n",
       " (151, 147, 1.0638057315920078),\n",
       " (152, 5504, 1.6322466055890483),\n",
       " (153, 4126, 1.385043871584627),\n",
       " (154, 6639, 0.11734970156331409),\n",
       " (155, 83, 1.7198911630798002),\n",
       " (156, 6935, 0.9941839081427483),\n",
       " (157, 6719, 0.11074520203151703),\n",
       " (158, 6547, 0.10777875992976604),\n",
       " (159, 79, 1.8842631374391403),\n",
       " (160, 125, 0.9585304708025659),\n",
       " (161, 4133, 1.2420123694331644),\n",
       " (162, 3876, 0.7519924816246489),\n",
       " (163, 6543, 0.0119941959296956),\n",
       " (164, 100, 1.4639527752031514),\n",
       " (165, 6721, 0.5243971677192837),\n",
       " (166, 47, 0.7458552554034826),\n",
       " (167, 66, 0.8850898325057256),\n",
       " (168, 150, 2.189110310416769),\n",
       " (169, 6930, 0.5320410390975496),\n",
       " (170, 125, 0.8796430023282168),\n",
       " (171, 177, 1.4382511026510734),\n",
       " (172, 6936, 0.8145680623557481),\n",
       " (173, 6529, 0.11971737730546493),\n",
       " (174, 6219, 0.6499517110447492),\n",
       " (175, 109, 1.3940156965924009),\n",
       " (176, 6604, 0.3538864708179636),\n",
       " (177, 171, 1.4382511026510734),\n",
       " (178, 166, 3.19351577645155),\n",
       " (179, 86, 0.5417373240528954),\n",
       " (180, 5825, 0.5403710206894904),\n",
       " (181, 68, 2.4488573432002947),\n",
       " (182, 6795, 0.024359454530023365),\n",
       " (183, 5837, 1.1897238563570107),\n",
       " (184, 80, 1.929485176378666),\n",
       " (185, 6546, 0.1129271906539807),\n",
       " (186, 5827, 1.715208949406748),\n",
       " (187, 123, 2.2441621376088223),\n",
       " (188, 6928, 1.2558039931199423),\n",
       " (189, 4830, 1.6189087861525826),\n",
       " (190, 5831, 0.31701915664514607),\n",
       " (191, 192, 0.1774431929632625),\n",
       " (192, 6419, 0.11877815805947502),\n",
       " (193, 6933, 0.7115649717439747),\n",
       " (194, 58, 1.4855032332687799),\n",
       " (195, 199, 1.5295625857025272),\n",
       " (196, 4776, 0.8334339276619405),\n",
       " (197, 3458, 0.23710350039171363),\n",
       " (198, 5850, 1.6170641158259593),\n",
       " (199, 51, 0.882815336802104),\n",
       " (200, 105, 2.014457046491933),\n",
       " (201, 6219, 1.9553108761271443),\n",
       " (202, 6381, 0.2736872146666659),\n",
       " (203, 201, 2.13092660147318),\n",
       " (204, 4125, 0.8286669358783385),\n",
       " (205, 210, 0.0749644714314709),\n",
       " (206, 5983, 1.084579449058944),\n",
       " (207, 5362, 0.5914819297603231),\n",
       " (208, 210, 0.3690524171564266),\n",
       " (209, 1131, 1.0971066057671874),\n",
       " (210, 205, 0.0749644714314709),\n",
       " (211, 231, 1.2223200349814294),\n",
       " (212, 241, 1.6746783484478442),\n",
       " (213, 205, 0.9803262716106342),\n",
       " (214, 209, 4.26675770811948),\n",
       " (215, 207, 0.8079748015359144),\n",
       " (216, 229, 1.6731368862612463),\n",
       " (217, 230, 0.7253006639291043),\n",
       " (218, 4203, 1.0785789284739422),\n",
       " (219, 4769, 0.6096815818876269),\n",
       " (220, 287, 1.2295420036407843),\n",
       " (221, 234, 0.7289353474821998),\n",
       " (222, 225, 0.8813677999949839),\n",
       " (223, 228, 0.21533930063274528),\n",
       " (224, 1045, 3.014941762227754),\n",
       " (225, 217, 0.8424488937437065),\n",
       " (226, 228, 0.1205501489878765),\n",
       " (227, 1051, 0.5266315424326582),\n",
       " (228, 226, 0.1205501489878765),\n",
       " (229, 226, 0.3756542846421492),\n",
       " (230, 217, 0.7253006639291043),\n",
       " (231, 211, 1.2223200349814294),\n",
       " (232, 4769, 1.115633581268058),\n",
       " (233, 234, 2.0395170825781292),\n",
       " (234, 221, 0.7289353474821998),\n",
       " (235, 240, 0.7675652145303343),\n",
       " (236, 211, 2.2911387433896273),\n",
       " (237, 4766, 0.8187091549097297),\n",
       " (238, 221, 0.9177781025433142),\n",
       " (239, 231, 1.473954357742802),\n",
       " (240, 235, 0.7675652145303343),\n",
       " (241, 212, 1.6746783484478442),\n",
       " (242, 270, 0.9623211110071318),\n",
       " (243, 247, 2.479089104414967),\n",
       " (244, 247, 2.117806706781571),\n",
       " (245, 295, 1.5277962373412235),\n",
       " (246, 247, 1.7263937248449432),\n",
       " (247, 246, 1.7263937248449432),\n",
       " (248, 4765, 0.9815831110609027),\n",
       " (249, 245, 1.7573937742577785),\n",
       " (250, 249, 2.1823340198842156),\n",
       " (251, 256, 0.8851532602239007),\n",
       " (252, 256, 1.1130923549036709),\n",
       " (253, 251, 1.7176881604930503),\n",
       " (254, 252, 1.212879646439003),\n",
       " (255, 6004, 1.0994419845985515),\n",
       " (256, 251, 0.8851532602239007),\n",
       " (257, 271, 1.0285824145181557),\n",
       " (258, 259, 0.9764984401364906),\n",
       " (259, 258, 0.9764984401364906),\n",
       " (260, 6015, 0.42042430811859516),\n",
       " (261, 5502, 1.1060469473331591),\n",
       " (262, 6016, 1.2762051591378247),\n",
       " (263, 270, 1.023839024090213),\n",
       " (264, 263, 1.1947302843759335),\n",
       " (265, 257, 1.726145627744078),\n",
       " (266, 275, 0.5676544924097747),\n",
       " (267, 275, 1.2430726195460193),\n",
       " (268, 281, 1.584078495184188),\n",
       " (269, 261, 1.6182091718331721),\n",
       " (270, 242, 0.9623211110071318),\n",
       " (271, 257, 1.0285824145181557),\n",
       " (272, 5502, 0.4849185441411781),\n",
       " (273, 262, 1.664752171078026),\n",
       " (274, 6014, 0.0001534438007874783),\n",
       " (275, 266, 0.5676544924097747),\n",
       " (276, 6016, 0.7276190326221541),\n",
       " (277, 273, 3.0759527111530827),\n",
       " (278, 273, 1.9601992739150276),\n",
       " (279, 282, 3.335345622361947),\n",
       " (280, 279, 5.264358850394984),\n",
       " (281, 268, 1.584078495184188),\n",
       " (282, 6016, 1.5317917604067464),\n",
       " (283, 6022, 0.4482280513867905),\n",
       " (284, 289, 0.3122759973741179),\n",
       " (285, 289, 0.545619157746498),\n",
       " (286, 291, 1.2780786207217463),\n",
       " (287, 293, 0.8599312884230886),\n",
       " (288, 290, 0.6721306516801633),\n",
       " (289, 284, 0.3122759973741179),\n",
       " (290, 288, 0.6721306516801633),\n",
       " (291, 286, 1.2780786207217463),\n",
       " (292, 290, 0.8471457307954768),\n",
       " (293, 287, 0.8599312884230886),\n",
       " (294, 246, 1.965728558875055),\n",
       " (295, 242, 1.1459755755045566),\n",
       " (296, 590, 0.2853058655425771),\n",
       " (297, 299, 0.31777162737098075),\n",
       " (298, 576, 0.1575526900119464),\n",
       " (299, 5859, 0.13194892366745875),\n",
       " (300, 310, 0.23083325765582327),\n",
       " (301, 304, 0.28890727016120826),\n",
       " (302, 1372, 0.33357338640395184),\n",
       " (303, 307, 0.23593036781432083),\n",
       " (304, 301, 0.28890727016120826),\n",
       " (305, 6046, 0.2794136358608872),\n",
       " (306, 309, 0.2867532244875382),\n",
       " (307, 303, 0.23593036781432083),\n",
       " (308, 577, 0.1831297319060988),\n",
       " (309, 306, 0.2867532244875382),\n",
       " (310, 300, 0.23083325765582327),\n",
       " (311, 6385, 0.2541218390654412),\n",
       " (312, 582, 0.17492048924297188),\n",
       " (313, 312, 0.2443508482530801),\n",
       " (314, 333, 0.40402278521142954),\n",
       " (315, 345, 0.5226359257494679),\n",
       " (316, 6679, 0.2563774371371244),\n",
       " (317, 332, 0.31250311666446146),\n",
       " (318, 6229, 0.5258787752524782),\n",
       " (319, 322, 0.19950873677611228),\n",
       " (320, 321, 0.21960838680706168),\n",
       " (321, 6679, 0.19638795199553363),\n",
       " (322, 319, 0.19950873677611228),\n",
       " (323, 328, 0.5076200652968738),\n",
       " (324, 5384, 0.4245522502272214),\n",
       " (325, 3846, 0.1343544157368896),\n",
       " (326, 758, 0.5944981711603493),\n",
       " (327, 320, 0.5017746471445143),\n",
       " (328, 6688, 0.40962106217576155),\n",
       " (329, 6689, 0.2845512756130252),\n",
       " (330, 314, 0.4624867744108991),\n",
       " (331, 762, 0.4301274081594909),\n",
       " (332, 317, 0.31250311666446146),\n",
       " (333, 6627, 0.2794616834201077),\n",
       " (334, 340, 0.15069502218719885),\n",
       " (335, 319, 0.27526217626110233),\n",
       " (336, 6667, 0.43304630809764677),\n",
       " (337, 351, 0.11823462423926384),\n",
       " (338, 6685, 0.21005600216370662),\n",
       " (339, 5707, 0.08826979605731533),\n",
       " (340, 6281, 0.062222018779525864),\n",
       " (341, 3927, 0.0527465299806503),\n",
       " (342, 1166, 0.07390085678799803),\n",
       " (343, 769, 0.1655949397203923),\n",
       " (344, 5881, 0.0544320946684909),\n",
       " (345, 321, 0.22360918801560759),\n",
       " (346, 6943, 0.25048752438594657),\n",
       " (347, 3928, 0.10202805250518168),\n",
       " (348, 6281, 0.08898708949617505),\n",
       " (349, 763, 0.25793786974773597),\n",
       " (350, 6663, 0.28133806256708366),\n",
       " (351, 4219, 0.0021102580410936396),\n",
       " (352, 768, 0.30153173697307556),\n",
       " (353, 6378, 0.044438758668532294),\n",
       " (354, 6676, 0.3697027798718902),\n",
       " (355, 765, 0.10424728019473671),\n",
       " (356, 6114, 0.13126378425521718),\n",
       " (357, 6667, 0.3191662358865659),\n",
       " (358, 3041, 0.5451508634543284),\n",
       " (359, 5707, 0.1447122896577883),\n",
       " (360, 6662, 0.47724750129152166),\n",
       " (361, 6669, 0.5348521137407996),\n",
       " (362, 6699, 0.2604163573241902),\n",
       " (363, 6659, 0.22967199563943286),\n",
       " (364, 6673, 0.22251608125706357),\n",
       " (365, 6375, 0.09084983888263111),\n",
       " (366, 6113, 0.16455066337757646),\n",
       " (367, 2817, 0.13599010247808777),\n",
       " (368, 6676, 0.21310250944087555),\n",
       " (369, 588, 0.27619515262944555),\n",
       " (370, 6673, 0.26633685892118236),\n",
       " (371, 5889, 0.07500701473862713),\n",
       " (372, 744, 0.18332908335831768),\n",
       " (373, 6489, 0.4086738665929115),\n",
       " (374, 6365, 0.20234046599234515),\n",
       " (375, 770, 0.12533708269303004),\n",
       " (376, 6489, 0.36590373676419446),\n",
       " (377, 6490, 0.1903794051072755),\n",
       " (378, 5321, 0.17534423492661697),\n",
       " (379, 1652, 0.19269440619021663),\n",
       " (380, 758, 0.6972596428225262),\n",
       " (381, 6688, 0.2677131337327325),\n",
       " (382, 394, 0.5890776008107905),\n",
       " (383, 2966, 0.3304837907447221),\n",
       " (384, 738, 0.25290246411611184),\n",
       " (385, 383, 0.37345890398275616),\n",
       " (386, 6569, 0.38564134892410035),\n",
       " (387, 745, 0.2171442966232371),\n",
       " (388, 736, 0.14515374186702804),\n",
       " (389, 6378, 0.1692560833323232),\n",
       " (390, 4095, 0.0006807172687678625),\n",
       " (391, 1651, 0.5093221907761333),\n",
       " (392, 6479, 0.34668110905845884),\n",
       " (393, 5709, 0.325480706614084),\n",
       " (394, 746, 0.324284558338815),\n",
       " (395, 319, 0.35090263044041536),\n",
       " (396, 6681, 0.20951222210171663),\n",
       " (397, 2795, 0.16943541895660452),\n",
       " (398, 6610, 0.27667851484710576),\n",
       " (399, 6678, 0.269564296569486),\n",
       " (400, 4097, 0.24371138583579088),\n",
       " (401, 400, 0.24596790223929652),\n",
       " (402, 757, 0.16714271879145698),\n",
       " (403, 4098, 0.35709241840173556),\n",
       " (404, 4097, 0.08411452529141568),\n",
       " (405, 609, 0.1398198453582327),\n",
       " (406, 756, 0.11066988577296198),\n",
       " (407, 6670, 0.5003684763291942),\n",
       " (408, 6298, 0.5763646448950528),\n",
       " (409, 410, 0.8259069059222074),\n",
       " (410, 409, 0.8259069059222074),\n",
       " (411, 6029, 0.5423972185557362),\n",
       " (412, 6298, 0.08710945313225352),\n",
       " (413, 4259, 1.7837481925798813),\n",
       " (414, 5495, 1.1721700057073607),\n",
       " (415, 444, 0.12969501148849308),\n",
       " (416, 456, 0.7640826753931803),\n",
       " (417, 418, 0.10122367273024617),\n",
       " (418, 417, 0.10122367273024617),\n",
       " (419, 455, 0.5979067728208128),\n",
       " (420, 422, 0.8367903847039597),\n",
       " (421, 418, 0.3471010437437457),\n",
       " (422, 451, 0.5356549128720852),\n",
       " (423, 452, 0.6951274259364232),\n",
       " (424, 426, 0.681188760730826),\n",
       " (425, 454, 1.4448594041362672),\n",
       " (426, 424, 0.681188760730826),\n",
       " (427, 416, 1.0441895866259154),\n",
       " (428, 4761, 0.487061676431225),\n",
       " (429, 448, 1.0981019557299805),\n",
       " (430, 436, 1.2826550871719136),\n",
       " (431, 4761, 0.4956323351326072),\n",
       " (432, 428, 0.6011277348093383),\n",
       " (433, 454, 0.8685616678791375),\n",
       " (434, 433, 2.205283117626624),\n",
       " (435, 450, 1.5027783205519623),\n",
       " (436, 460, 0.8390361378069479),\n",
       " (437, 421, 0.9485824621006865),\n",
       " (438, 423, 0.7864010972506335),\n",
       " (439, 5562, 1.8679634301281167),\n",
       " (440, 428, 0.5010537164117234),\n",
       " (441, 453, 0.7429632393396022),\n",
       " (442, 6457, 0.36037865036930006),\n",
       " (443, 448, 0.7017784197209226),\n",
       " (444, 415, 0.12969501148849308),\n",
       " (445, 444, 0.44883586032423844),\n",
       " (446, 433, 1.327352975619156),\n",
       " (447, 461, 1.2541738561734577),\n",
       " (448, 461, 0.6278314737897458),\n",
       " (449, 460, 0.4991868573880938),\n",
       " (450, 454, 1.145134357970708),\n",
       " (451, 442, 0.45205957927025914),\n",
       " (452, 449, 0.6012364976055593),\n",
       " (453, 458, 0.2168233338204192),\n",
       " (454, 433, 0.8685616678791375),\n",
       " (455, 456, 0.5546434784661225),\n",
       " (456, 455, 0.5546434784661225),\n",
       " (457, 415, 0.605095178018303),\n",
       " (458, 453, 0.2168233338204192),\n",
       " (459, 431, 0.8625124024059003),\n",
       " (460, 449, 0.4991868573880938),\n",
       " (461, 448, 0.6278314737897458),\n",
       " (462, 464, 0.345591345413915),\n",
       " (463, 465, 0.8094678705526253),\n",
       " (464, 462, 0.345591345413915),\n",
       " (465, 463, 0.8094678705526253),\n",
       " (466, 467, 0.28118790797614285),\n",
       " (467, 473, 0.22283686248913287),\n",
       " (468, 4760, 0.3157730023497877),\n",
       " (469, 471, 0.25156991395037964),\n",
       " (470, 558, 0.1309253861556294),\n",
       " (471, 478, 0.174855946424477),\n",
       " (472, 549, 0.30322571371339646),\n",
       " (473, 467, 0.22283686248913287),\n",
       " (474, 475, 0.1270334171192758),\n",
       " (475, 474, 0.1270334171192758),\n",
       " (476, 485, 0.5246934758428017),\n",
       " (477, 480, 0.43977698548810085),\n",
       " (478, 471, 0.174855946424477),\n",
       " (479, 490, 0.3841432013156019),\n",
       " (480, 4748, 0.2660760308351734),\n",
       " (481, 484, 0.09277514012385031),\n",
       " (482, 486, 0.3818433914853062),\n",
       " (483, 485, 0.9218477911309427),\n",
       " (484, 481, 0.09277514012385031),\n",
       " (485, 476, 0.5246934758428017),\n",
       " (486, 548, 0.1875020057519386),\n",
       " (487, 5967, 0.14767935063847132),\n",
       " (488, 6417, 0.16260269768057214),\n",
       " (489, 6214, 0.36251249221647547),\n",
       " (490, 6894, 0.36307994987330117),\n",
       " (491, 6323, 0.07548277160385515),\n",
       " (492, 557, 0.10211916768657929),\n",
       " (493, 494, 0.4727422902956748),\n",
       " (494, 495, 0.46555733331352567),\n",
       " (495, 494, 0.46555733331352567),\n",
       " (496, 498, 0.33029270221426327),\n",
       " (497, 499, 0.1759258233148264),\n",
       " (498, 497, 0.2881622269017932),\n",
       " (499, 497, 0.1759258233148264),\n",
       " (500, 502, 0.08587270244379316),\n",
       " (501, 550, 0.06157692168337168),\n",
       " (502, 500, 0.08587270244379316),\n",
       " (503, 559, 0.08699650156184278),\n",
       " (504, 543, 0.5571926852149053),\n",
       " (505, 1453, 0.14896874599727566),\n",
       " (506, 6901, 0.21544001534533594),\n",
       " (507, 511, 0.2598652915050419),\n",
       " (508, 512, 0.9256042117930338),\n",
       " (509, 4759, 0.20128404949474024),\n",
       " (510, 514, 0.14795528851649742),\n",
       " (511, 507, 0.2598652915050419),\n",
       " (512, 510, 0.4295248224910846),\n",
       " (513, 5965, 0.13441389946727977),\n",
       " (514, 510, 0.14795528851649742),\n",
       " (515, 487, 0.20148373919748433),\n",
       " (516, 4747, 0.8399168281419317),\n",
       " (517, 5964, 0.10152560016567207),\n",
       " (518, 562, 0.24132875848518195),\n",
       " (519, 4760, 0.2642858086277057),\n",
       " (520, 4747, 0.5999612756711914),\n",
       " (521, 522, 0.15301440907966715),\n",
       " (522, 521, 0.15301440907966715),\n",
       " (523, 510, 0.19198742246563955),\n",
       " (524, 4757, 0.2680235289746083),\n",
       " (525, 4751, 0.31758805021127484),\n",
       " (526, 524, 0.5331559747925538),\n",
       " (527, 5961, 0.1151526969723236),\n",
       " (528, 539, 0.7267796442918588),\n",
       " (529, 5962, 0.18211685883519924),\n",
       " (530, 5963, 0.18351089885889607),\n",
       " (531, 6067, 0.3758025657935254),\n",
       " (532, 529, 0.39370368212781315),\n",
       " (533, 4746, 0.46528934250098813),\n",
       " (534, 4751, 0.24623998270995645),\n",
       " (535, 538, 0.17637757629869028),\n",
       " (536, 533, 1.2663910363367235),\n",
       " (537, 6068, 0.339573554007081),\n",
       " (538, 535, 0.17637757629869028),\n",
       " (539, 528, 0.7267796442918588),\n",
       " (540, 554, 0.3211686500547642),\n",
       " (541, 554, 0.18117658680138568),\n",
       " (542, 564, 0.6090752886179174),\n",
       " (543, 544, 0.18224061780514378),\n",
       " (544, 543, 0.18224061780514378),\n",
       " (545, 4759, 0.39238123670736397),\n",
       " (546, 488, 0.31729485586123074),\n",
       " (547, 484, 0.6659710585791221),\n",
       " (548, 486, 0.1875020057519386),\n",
       " (549, 556, 0.2775958268580432),\n",
       " (550, 501, 0.06157692168337168),\n",
       " (551, 552, 0.08838000246661933),\n",
       " (552, 4233, 0.03970382003032128),\n",
       " (553, 564, 0.28279710608314185),\n",
       " (554, 541, 0.18117658680138568),\n",
       " (555, 556, 0.2172600610558687),\n",
       " (556, 555, 0.2172600610558687),\n",
       " (557, 492, 0.10211916768657929),\n",
       " (558, 470, 0.1309253861556294),\n",
       " (559, 503, 0.08699650156184278),\n",
       " (560, 571, 0.3233579763667502),\n",
       " (561, 570, 0.07826824501035079),\n",
       " (562, 570, 0.17620318656880152),\n",
       " (563, 568, 0.22208317606923372),\n",
       " (564, 551, 0.22219353052012972),\n",
       " (565, 567, 0.21180053178639688),\n",
       " (566, 569, 0.1441660979738277),\n",
       " (567, 565, 0.21180053178639688),\n",
       " (568, 561, 0.18934290496609718),\n",
       " (569, 571, 0.14174660930689245),\n",
       " (570, 561, 0.07826824501035079),\n",
       " (571, 572, 0.10385042279162987),\n",
       " (572, 571, 0.10385042279162987),\n",
       " (573, 551, 0.23924216865762127),\n",
       " (574, 6101, 0.20847112273166207),\n",
       " (575, 6271, 0.15277683099868253),\n",
       " (576, 298, 0.1575526900119464),\n",
       " (577, 308, 0.1831297319060988),\n",
       " (578, 6410, 0.2530826618557683),\n",
       " (579, 585, 0.3850474317431564),\n",
       " (580, 298, 0.29753911410098965),\n",
       " (581, 6409, 0.3940430965719346),\n",
       " (582, 312, 0.17492048924297188),\n",
       " (583, 6282, 0.1814883798869757),\n",
       " (584, 6263, 2.209072202861701e-05),\n",
       " (585, 6412, 0.2381461543191507),\n",
       " (586, 589, 0.2100813873454773),\n",
       " (587, 6066, 0.13694242385031677),\n",
       " (588, 369, 0.27619515262944555),\n",
       " (589, 586, 0.2100813873454773),\n",
       " (590, 296, 0.2853058655425771),\n",
       " (591, 5428, 0.8284584930351088),\n",
       " (592, 5293, 0.5308072408784567),\n",
       " (593, 596, 0.21719671756267112),\n",
       " (594, 598, 0.43002899516776866),\n",
       " (595, 597, 0.7939178037781983),\n",
       " (596, 4743, 0.061439103549770974),\n",
       " (597, 5428, 0.3038716439107127),\n",
       " (598, 594, 0.43002899516776866),\n",
       " (599, 5609, 0.8635672466342444),\n",
       " (600, 3971, 0.4100182000265317),\n",
       " (601, 616, 0.3528928465270976),\n",
       " (602, 694, 0.39011559378343097),\n",
       " (603, 619, 0.5052347230832405),\n",
       " (604, 6452, 0.32491578547832933),\n",
       " (605, 614, 0.2573339630227606),\n",
       " (606, 4742, 0.8032470216129044),\n",
       " (607, 5708, 0.4108168181805645),\n",
       " (608, 3971, 0.5043871324538329),\n",
       " (609, 405, 0.1398198453582327),\n",
       " (610, 604, 0.43532229765542835),\n",
       " (611, 693, 1.0914159775470567),\n",
       " (612, 405, 0.45616788939380876),\n",
       " (613, 616, 0.22112288198194763),\n",
       " (614, 605, 0.2573339630227606),\n",
       " (615, 614, 0.6983804185599747),\n",
       " (616, 613, 0.22112288198194763),\n",
       " (617, 6737, 0.3706828490030261),\n",
       " (618, 614, 0.4118684354014047),\n",
       " (619, 603, 0.5052347230832405),\n",
       " (620, 618, 0.4614882553586839),\n",
       " (621, 1402, 0.5606236803453856),\n",
       " (622, 4232, 0.3820684070686831),\n",
       " (623, 633, 0.9628158865956752),\n",
       " (624, 4212, 0.7638123831183898),\n",
       " (625, 4735, 0.8200022064537419),\n",
       " (626, 653, 0.5558411906516102),\n",
       " (627, 4739, 0.907517900745209),\n",
       " (628, 652, 0.5162561261476699),\n",
       " (629, 4215, 0.5563045813976425),\n",
       " (630, 615, 1.2935943769713882),\n",
       " (631, 634, 0.9796550472513257),\n",
       " (632, 654, 0.7329122222981475),\n",
       " (633, 4236, 0.7121114735720772),\n",
       " (634, 6446, 0.9382123260072854),\n",
       " (635, 4276, 0.5405161205782848),\n",
       " (636, 2358, 4.2544094773176365e-05),\n",
       " (637, 652, 0.465892594017118),\n",
       " (638, 624, 1.3335328552476682),\n",
       " (639, 643, 0.6712682310112688),\n",
       " (640, 2358, 0.23359129867570066),\n",
       " (641, 4215, 0.3425001415853719),\n",
       " (642, 657, 1.257262993529995),\n",
       " (643, 5433, 0.6477443224637341),\n",
       " (644, 653, 0.7657295837702762),\n",
       " (645, 4213, 1.2578532266194575),\n",
       " (646, 651, 0.5203337811184254),\n",
       " (647, 656, 1.342126271597797),\n",
       " (648, 656, 0.9734993746448886),\n",
       " (649, 4238, 0.5318707298620569),\n",
       " (650, 6026, 1.2660069691948774),\n",
       " (651, 646, 0.5203337811184254),\n",
       " (652, 637, 0.465892594017118),\n",
       " (653, 626, 0.5558411906516102),\n",
       " (654, 632, 0.7329122222981475),\n",
       " (655, 649, 0.560740157310854),\n",
       " (656, 648, 0.9734993746448886),\n",
       " (657, 637, 0.6355669289579171),\n",
       " (658, 669, 0.11705013951721198),\n",
       " (659, 6387, 0.20846030232396917),\n",
       " (660, 661, 0.7676042092647726),\n",
       " (661, 662, 0.24051437686757884),\n",
       " (662, 661, 0.24051437686757884),\n",
       " (663, 665, 0.5959711332354934),\n",
       " (664, 6391, 0.16614898119759836),\n",
       " (665, 663, 0.5959711332354934),\n",
       " (666, 5296, 0.2878199881610002),\n",
       " (667, 6259, 0.9972889873657513),\n",
       " (668, 6390, 0.4714852464128643),\n",
       " (669, 658, 0.11705013951721198),\n",
       " (670, 6391, 1.2316755091175604),\n",
       " (671, 664, 1.0658908375424763),\n",
       " (672, 731, 0.1548734096254086),\n",
       " (673, 732, 0.14907605406637325),\n",
       " (674, 726, 0.4112579584105319),\n",
       " (675, 691, 0.48356821437828024),\n",
       " (676, 680, 0.12549498988007535),\n",
       " (677, 681, 0.4244588587896355),\n",
       " (678, 700, 0.4703850714733572),\n",
       " (679, 682, 0.4798263017603338),\n",
       " (680, 676, 0.12549498988007535),\n",
       " (681, 677, 0.4244588587896355),\n",
       " (682, 679, 0.4798263017603338),\n",
       " (683, 685, 0.38496286657546663),\n",
       " (684, 682, 0.5375250498097736),\n",
       " (685, 676, 0.3463430386841923),\n",
       " (686, 727, 0.08205993919081633),\n",
       " (687, 721, 0.5556235876130513),\n",
       " (688, 715, 0.3071758738589314),\n",
       " (689, 733, 0.598223168963728),\n",
       " (690, 4725, 0.5965573875873137),\n",
       " (691, 675, 0.48356821437828024),\n",
       " (692, 700, 0.40421486509157917),\n",
       " (693, 698, 0.8141963495730021),\n",
       " (694, 6452, 0.20314673384526763),\n",
       " (695, 729, 0.6970623535387636),\n",
       " (696, 692, 0.4498412923520932),\n",
       " (697, 691, 0.6868985430098102),\n",
       " (698, 694, 0.651002080661806),\n",
       " (699, 4724, 0.39594209059532565),\n",
       " (700, 692, 0.40421486509157917),\n",
       " (701, 700, 0.6934242496971118),\n",
       " (702, 710, 0.8952727379458155),\n",
       " (703, 704, 0.7661498887737298),\n",
       " (704, 703, 0.7661498887737298),\n",
       " (705, 714, 0.8389752478279664),\n",
       " (706, 717, 0.7175076514804541),\n",
       " (707, 724, 0.6209170279650822),\n",
       " (708, 711, 0.6135709477868048),\n",
       " (709, 4723, 1.099942374708782),\n",
       " (710, 4728, 0.3095498877483252),\n",
       " (711, 717, 0.44348261032085556),\n",
       " (712, 709, 1.1724071957681779),\n",
       " (713, 716, 0.7951294939832138),\n",
       " (714, 735, 0.09796668875183968),\n",
       " (715, 688, 0.3071758738589314),\n",
       " (716, 713, 0.7951294939832138),\n",
       " (717, 711, 0.44348261032085556),\n",
       " (718, 716, 1.1508451316714963),\n",
       " (719, 4723, 0.9436961628538078),\n",
       " (720, 724, 0.9135802761323177),\n",
       " (721, 687, 0.5556235876130513),\n",
       " (722, 733, 0.2498234265976672),\n",
       " (723, 713, 0.8733487773856426),\n",
       " (724, 707, 0.6209170279650822),\n",
       " (725, 722, 0.7379847498539521),\n",
       " (726, 686, 0.2349147108824798),\n",
       " (727, 686, 0.08205993919081633),\n",
       " (728, 715, 1.1108942195330778),\n",
       " (729, 695, 0.6970623535387636),\n",
       " (730, 674, 0.9436294849616572),\n",
       " (731, 672, 0.1548734096254086),\n",
       " (732, 673, 0.14907605406637325),\n",
       " (733, 722, 0.2498234265976672),\n",
       " (734, 5563, 0.7898766080407752),\n",
       " (735, 714, 0.09796668875183968),\n",
       " (736, 388, 0.14515374186702804),\n",
       " (737, 4095, 0.30220169217924653),\n",
       " (738, 6569, 0.017075121610108625),\n",
       " (739, 6507, 0.15216307205429475),\n",
       " (740, 6684, 0.10715322005894261),\n",
       " (741, 6671, 0.13109003504843247),\n",
       " (742, 6116, 0.05346409401645202),\n",
       " (743, 397, 0.30789698933247267),\n",
       " (744, 372, 0.18332908335831768),\n",
       " (745, 387, 0.2171442966232371),\n",
       " (746, 739, 0.25643323445489774),\n",
       " (747, 6494, 0.17843297825514412),\n",
       " (748, 6671, 0.24766440765681774),\n",
       " (749, 764, 0.18479076271556574),\n",
       " (750, 6588, 0.3052227709751751),\n",
       " (751, 6609, 0.21499828710248156),\n",
       " (752, 6507, 0.2515135516925482),\n",
       " (753, 5622, 0.013810369618514829),\n",
       " (754, 6665, 0.1837734755398637),\n",
       " (755, 4055, 0.1991647238292951),\n",
       " (756, 406, 0.11066988577296198),\n",
       " (757, 402, 0.16714271879145698),\n",
       " (758, 326, 0.5944981711603493),\n",
       " (759, 6697, 0.39317535291266825),\n",
       " (760, 756, 0.1487768634969819),\n",
       " (761, 5418, 0.22052552799619432),\n",
       " (762, 331, 0.4301274081594909),\n",
       " (763, 349, 0.25793786974773597),\n",
       " (764, 2966, 0.11519527674345034),\n",
       " (765, 5890, 0.08418468537685593),\n",
       " (766, 6114, 0.0664208733004907),\n",
       " (767, 773, 0.12343013363437177),\n",
       " (768, 352, 0.30153173697307556),\n",
       " (769, 343, 0.1655949397203923),\n",
       " (770, 375, 0.12533708269303004),\n",
       " (771, 3105, 0.14981700830680114),\n",
       " (772, 6570, 0.12803160972587968),\n",
       " (773, 767, 0.12343013363437177),\n",
       " (774, 6570, 0.22081471871232045),\n",
       " (775, 6113, 0.07763316184466429),\n",
       " (776, 4678, 0.08717423524184117),\n",
       " (777, 836, 0.9645916726366676),\n",
       " (778, 839, 0.09623530143351598),\n",
       " (779, 786, 0.5640750669414499),\n",
       " (780, 845, 0.15673396835402395),\n",
       " (781, 788, 0.716123121504954),\n",
       " (782, 799, 0.5035975431890044),\n",
       " (783, 859, 0.12187538202606757),\n",
       " (784, 853, 1.1894569408570432),\n",
       " (785, 852, 0.22678860654362828),\n",
       " (786, 779, 0.5640750669414499),\n",
       " (787, 813, 0.6173292416344801),\n",
       " (788, 1001, 0.6290315792708676),\n",
       " (789, 857, 0.17667926876122494),\n",
       " (790, 821, 0.4415166897377744),\n",
       " (791, 797, 1.906721008018215),\n",
       " (792, 779, 0.8719036740517808),\n",
       " (793, 827, 0.5595084653666997),\n",
       " (794, 858, 0.20789183750210014),\n",
       " (795, 809, 0.730917872459689),\n",
       " (796, 824, 0.44446024331991746),\n",
       " (797, 845, 1.6536485554615292),\n",
       " (798, 778, 0.1140493209843892),\n",
       " (799, 830, 0.41526982976012256),\n",
       " (800, 845, 1.4112805016880932),\n",
       " (801, 805, 0.24593212163521785),\n",
       " (802, 794, 0.6176034988712417),\n",
       " (803, 841, 0.454615476882386),\n",
       " (804, 836, 0.8456055114088356),\n",
       " (805, 789, 0.2191929245961185),\n",
       " (806, 860, 0.5939828924842857),\n",
       " (807, 829, 0.7255194129132582),\n",
       " (808, 838, 0.1910078754737628),\n",
       " (809, 795, 0.730917872459689),\n",
       " (810, 856, 0.28867770728270953),\n",
       " (811, 785, 1.0753563398990096),\n",
       " (812, 810, 0.7131651507308788),\n",
       " (813, 846, 0.5338590978048433),\n",
       " (814, 3887, 1.1128740538353867),\n",
       " (815, 4717, 0.46902293589226646),\n",
       " (816, 834, 0.3671036486402689),\n",
       " (817, 848, 0.9361665693326132),\n",
       " (818, 813, 0.7192290225269001),\n",
       " (819, 812, 0.9006942161732778),\n",
       " (820, 842, 0.5539203202817167),\n",
       " (821, 790, 0.4415166897377744),\n",
       " (822, 792, 1.1252110788949794),\n",
       " (823, 790, 0.9526640695423524),\n",
       " (824, 796, 0.44446024331991746),\n",
       " (825, 829, 0.08480625454528638),\n",
       " (826, 850, 0.8474828643093599),\n",
       " (827, 793, 0.5595084653666997),\n",
       " (828, 834, 0.3255054555687194),\n",
       " (829, 825, 0.08480625454528638),\n",
       " (830, 799, 0.41526982976012256),\n",
       " (831, 830, 0.47471391783788963),\n",
       " (832, 779, 1.0545002338710048),\n",
       " (833, 848, 0.7957419655095513),\n",
       " (834, 828, 0.3255054555687194),\n",
       " (835, 842, 0.6185880315444198),\n",
       " (836, 804, 0.8456055114088356),\n",
       " (837, 846, 0.3036116626300766),\n",
       " (838, 808, 0.1910078754737628),\n",
       " (839, 778, 0.09623530143351598),\n",
       " (840, 857, 0.06132064293531164),\n",
       " (841, 803, 0.454615476882386),\n",
       " (842, 820, 0.5539203202817167),\n",
       " (843, 5580, 0.14543663327029896),\n",
       " (844, 841, 0.611452428308202),\n",
       " (845, 780, 0.15673396835402395),\n",
       " (846, 837, 0.3036116626300766),\n",
       " (847, 824, 0.8337428332867413),\n",
       " (848, 833, 0.7957419655095513),\n",
